       369          3
       165          3
       625          1
        57          3
       279          3
       398          1
       340          3
       252          3
        16          3
       545          3
        57          3
       493          2
       183          3
       363          1
       529          2
        86          3
       423          3
       199          3
        87          3
        25          3
       622          3
       137          3
       304          3
       279          3
       315          1
       325          3
        76          3
        79          3
       365          3
       345          3
       484          3
        73          3
        88          3
         6          3
       418          3
       689          3
       535          3
        47          3
        51          3
       356          3
       364          3
        19          3
       111          3
       401          3
       687          3
       603          3
       236          3
       192          3
       110          3
       316          3
        21          3
       140          3
        18          3
       390          3
       228          3
        84          3
       156          3
       252          3
       113          3
       277          3
        87          3
       105          3
       314          1
       139          3
       187          3
       177          3
       191          3
        15          3
       207          3
       277          3
       597          2
        76          3
       540          3
        77          3
         9          3
       365          3
       601          2
        45          3
       253          3
       597          2
        43          3
        99          3
       264          3
       431          3
        31          3
       387          3
       170          3
       521          1
       647          3
        15          3
       439          3
        62          3
       329          3
        84          3
       534          1
        53          3
       188          3
        40          3
       135          3
       286          3
